#WARNING: This file is automatically generated.
#WARNING: Any edits made to this file may be overwritten.
#
#Filename: Organs and t-statistics
#Title: Organs and t-statistics
#PageName: Organs and t-statistics
#Source: http://www.slicer.org/slicerWiki/index.php/Slicer3:2010_GenericAnatomyColors
#
#Begin table data:
0 background 0 0 0 0
1 left_lung 197 165 145 255
2 right_lung_cranial_lobe 197 165 145 255
3 right_lung_middle_lobe 197 165 145 255
4 right_lung_accessory_lobe 197 165 145 255
5 right_lung_accessory_lobe 197 165 145 255
6 left_kidney 185 102 83 255
7 right_kidney 185 102 83 255
8 stomach_wall 216 132 105 255
9 stomach_lumen 216 132 105 255
10 medial_lobe_of_liver 221 130 101 255
11 left_lobe_of_liver 221 130 101 255
12 right_lobe_of_liver 221 130 101 255
13 caudate_lobe_of_liver 221 130 101 255
14 left_adrenal_gland 249 186 150 255
15 left_adrenal_gland 249 186 150 255
16 rectum/hindgut 204 168 143 255
17 bladder 222 154 132 255
18 heart 206 110 84 255
19 thymic_rudiment 47 150 103 255
20 thymic_rudiment 47 150 103 255
21 brain_third_ventricle 88 106 215 255
22 brain_mesencephalic_vesicle 69 110 53 255
23 brain_fourth_ventricle 88 106 215 255
24 brain_cerebral_aqueduct 88 106 215 255
25 brain_left_lateral_ventricle 88 106 215 255
26 brain_right_lateral_ventricle 88 106 215 255
27 brain_left_olfactory_bulb 88 106 215 255
28 brain_right_olfactory_bulb 88 106 215 255
29 brain_left_thalamus 122 101 38 255
30 brain_right_thalamus 122 101 38 255
31 brain_hypothalamus 166 113 137 255
32 brain_hypothalamus 166 113 137 255
33 brain_septal_area 97 113 158 255
34 brain_septal_area 97 113 158 255
35 brain_neopallial_cortex_and_amygdala 98 153 112 255
36 brain_neopallial_cortex_and_amygdala 98 153 112 255
37 brain_left_striatum 177 140 190 255
38 brain_right_striatum 177 140 190 255
39 brain_ventricular_zone 88 106 215 255
40 brain_ventricular_zone 88 106 215 255
41 pons 250 250 225 255 
42 cerebellar_primordium 88 106 215 255
43 cerebellar_primordium 88 106 215 255
44 mid_brain 145 92 109 255
45 medulla_oblongata 250 250 225 255
46 spinal_cord 244 214 49 255
47 vertebrae 255 255 207 255
48 hotblue_256 255 255 255 255
49 hotblue_255 253 255 255 254
50 hotblue_254 251 255 255 253
51 hotblue_253 249 255 255 252
52 hotblue_252 247 255 255 251
53 hotblue_251 245 255 255 250
54 hotblue_250 243 255 255 249
55 hotblue_249 241 255 255 248
56 hotblue_248 239 255 255 247
57 hotblue_247 237 255 255 246
58 hotblue_246 235 255 255 245
59 hotblue_245 233 255 255 244
60 hotblue_244 231 255 255 243
61 hotblue_243 229 255 255 242
62 hotblue_242 227 255 255 241
63 hotblue_241 225 255 255 240
64 hotblue_240 223 255 255 239
65 hotblue_239 221 255 255 238
66 hotblue_238 219 255 255 237
67 hotblue_237 217 255 255 236
68 hotblue_236 215 255 255 235
69 hotblue_235 213 255 255 234
70 hotblue_234 211 255 255 233
71 hotblue_233 209 255 255 232
72 hotblue_232 207 255 255 231
73 hotblue_231 205 255 255 230
74 hotblue_230 203 255 255 229
75 hotblue_229 201 255 255 228
76 hotblue_228 199 255 255 227
77 hotblue_227 197 255 255 226
78 hotblue_226 195 255 255 225
79 hotblue_225 193 255 255 224
80 hotblue_224 191 255 255 223
81 hotblue_223 189 255 255 222
82 hotblue_222 187 255 255 221
83 hotblue_221 185 255 255 220
84 hotblue_220 183 255 255 219
85 hotblue_219 181 255 255 218
86 hotblue_218 179 255 255 217
87 hotblue_217 177 255 255 216
88 hotblue_216 175 255 255 215
89 hotblue_215 173 255 255 214
90 hotblue_214 171 255 255 213
91 hotblue_213 169 255 255 212
92 hotblue_212 167 255 255 211
93 hotblue_211 165 255 255 210
94 hotblue_210 163 255 255 209
95 hotblue_209 161 255 255 208
96 hotblue_208 159 255 255 207
97 hotblue_207 157 255 255 206
98 hotblue_206 155 255 255 205
99 hotblue_205 153 255 255 204
100 hotblue_204 151 255 255 203
101 hotblue_203 149 255 255 202
102 hotblue_202 147 255 255 201
103 hotblue_201 145 255 255 200
104 hotblue_200 143 255 255 199
105 hotblue_199 141 255 255 198
106 hotblue_198 139 255 255 197
107 hotblue_197 137 255 255 196
108 hotblue_196 135 255 255 195
109 hotblue_195 133 255 255 194
110 hotblue_194 131 255 255 193
111 hotblue_193 129 255 255 192
112 hotblue_192 127 255 255 191
113 hotblue_191 125 253 255 190
114 hotblue_190 123 251 255 189
115 hotblue_189 121 249 255 188
116 hotblue_188 119 247 255 187
117 hotblue_187 117 245 255 186
118 hotblue_186 115 243 255 185
119 hotblue_185 113 241 255 184
120 hotblue_184 111 239 255 183
121 hotblue_183 109 237 255 182
122 hotblue_182 107 235 255 181
123 hotblue_181 105 233 255 180
124 hotblue_180 103 231 255 179
125 hotblue_179 101 229 255 178
126 hotblue_178 99 227 255 177
127 hotblue_177 97 225 255 176
128 hotblue_176 95 223 255 175
129 hotblue_175 93 221 255 174
130 hotblue_174 91 219 255 173
131 hotblue_173 89 217 255 172
132 hotblue_172 87 215 255 171
133 hotblue_171 85 213 255 170
134 hotblue_170 83 211 255 169
135 hotblue_169 81 209 255 168
136 hotblue_168 79 207 255 167
137 hotblue_167 77 205 255 166
138 hotblue_166 75 203 255 165
139 hotblue_165 73 201 255 164
140 hotblue_164 71 199 255 163
141 hotblue_163 69 197 255 162
142 hotblue_162 67 195 255 161
143 hotblue_161 65 193 255 160
144 hotblue_160 63 191 255 159
145 hotblue_159 61 189 255 158
146 hotblue_158 59 187 255 157
147 hotblue_157 57 185 255 156
148 hotblue_156 55 183 255 155
149 hotblue_155 53 181 255 154
150 hotblue_154 51 179 255 153
151 hotblue_153 49 177 255 152
152 hotblue_152 47 175 255 151
153 hotblue_151 45 173 255 150
154 hotblue_150 43 171 255 149
155 hotblue_149 41 169 255 148
156 hotblue_148 39 167 255 147
157 hotblue_147 37 165 255 146
158 hotblue_146 35 163 255 145
159 hotblue_145 33 161 255 144
160 hotblue_144 31 159 255 143
161 hotblue_143 29 157 255 142
162 hotblue_142 27 155 255 141
163 hotblue_141 25 153 255 140
164 hotblue_140 23 151 255 139
165 hotblue_139 21 149 255 138
166 hotblue_138 19 147 255 137
167 hotblue_137 17 145 255 136
168 hotblue_136 15 143 255 135
169 hotblue_135 13 141 255 134
170 hotblue_134 11 139 255 133
171 hotblue_133 9 137 255 132
172 hotblue_132 7 135 255 131
173 hotblue_131 5 133 255 130
174 hotblue_130 3 131 255 129
175 hotblue_129 1 129 255 128
176 hotblue_128 0 127 255 127
177 hotblue_127 0 125 253 126
178 hotblue_126 0 123 251 125
179 hotblue_125 0 121 249 124
180 hotblue_124 0 119 247 123
181 hotblue_123 0 117 245 122
182 hotblue_122 0 115 243 121
183 hotblue_121 0 113 241 120
184 hotblue_120 0 111 239 119
185 hotblue_119 0 109 237 118
186 hotblue_118 0 107 235 117
187 hotblue_117 0 105 233 116
188 hotblue_116 0 103 231 115
189 hotblue_115 0 101 229 114
190 hotblue_114 0 99 227 113
191 hotblue_113 0 97 225 112
192 hotblue_112 0 95 223 111
193 hotblue_111 0 93 221 110
194 hotblue_110 0 91 219 109
195 hotblue_109 0 89 217 108
196 hotblue_108 0 87 215 107
197 hotblue_107 0 85 213 106
198 hotblue_106 0 83 211 105
199 hotblue_105 0 81 209 104
200 hotblue_104 0 79 207 103
201 hotblue_103 0 77 205 102
202 hotblue_102 0 75 203 101
203 hotblue_101 0 73 201 100
204 hotblue_100 0 71 199 99
205 hotblue_99 0 69 197 98
206 hotblue_98 0 67 195 97
207 hotblue_97 0 65 193 96
208 hotblue_96 0 63 191 95
209 hotblue_95 0 61 189 94
210 hotblue_94 0 59 187 93
211 hotblue_93 0 57 185 92
212 hotblue_92 0 55 183 91
213 hotblue_91 0 53 181 90
214 hotblue_90 0 51 179 89
215 hotblue_89 0 49 177 88
216 hotblue_88 0 47 175 87
217 hotblue_87 0 45 173 86
218 hotblue_86 0 43 171 85
219 hotblue_85 0 41 169 84
220 hotblue_84 0 39 167 83
221 hotblue_83 0 37 165 82
222 hotblue_82 0 35 163 81
223 hotblue_81 0 33 161 80
224 hotblue_80 0 31 159 79
225 hotblue_79 0 29 157 78
226 hotblue_78 0 27 155 77
227 hotblue_77 0 25 153 76
228 hotblue_76 0 23 151 75
229 hotblue_75 0 21 149 74
230 hotblue_74 0 19 147 73
231 hotblue_73 0 17 145 72
232 hotblue_72 0 15 143 71
233 hotblue_71 0 13 141 70
234 hotblue_70 0 11 139 69
235 hotblue_69 0 9 137 68
236 hotblue_68 0 7 135 67
237 hotblue_67 0 5 133 66
238 hotblue_66 0 3 131 65
239 hotblue_65 0 1 129 64
240 hotblue_64 0 0 127 63
241 hotblue_63 0 0 125 62
242 hotblue_62 0 0 123 61
243 hotblue_61 0 0 121 60
244 hotblue_60 0 0 119 59
245 hotblue_59 0 0 117 58
246 hotblue_58 0 0 115 57
247 hotblue_57 0 0 113 56
248 hotblue_56 0 0 111 55
249 hotblue_55 0 0 109 54
250 hotblue_54 0 0 107 53
251 hotblue_53 0 0 105 52
252 hotblue_52 0 0 103 51
253 hotblue_51 0 0 101 50
254 hotblue_50 0 0 99 49
255 hotblue_49 0 0 97 48
256 hotblue_48 0 0 95 47
257 hotblue_47 0 0 93 46
258 hotblue_46 0 0 91 45
259 hotblue_45 0 0 89 44
260 hotblue_44 0 0 87 43
261 hotblue_43 0 0 85 42
262 hotblue_42 0 0 83 41
263 hotblue_41 0 0 81 40
264 hotblue_40 0 0 79 39
265 hotblue_39 0 0 77 38
266 hotblue_38 0 0 75 37
267 hotblue_37 0 0 73 36
268 hotblue_36 0 0 71 35
269 hotblue_35 0 0 69 34
270 hotblue_34 0 0 67 33
271 hotblue_33 0 0 65 32
272 hotblue_32 0 0 63 31
273 hotblue_31 0 0 61 30
274 hotblue_30 0 0 59 29
275 hotblue_29 0 0 57 28
276 hotblue_28 0 0 55 27
277 hotblue_27 0 0 53 26
278 hotblue_26 0 0 51 25
279 hotblue_25 0 0 49 24
280 hotblue_24 0 0 47 23
281 hotblue_23 0 0 45 22
282 hotblue_22 0 0 43 21
283 hotblue_21 0 0 41 20
284 hotblue_20 0 0 39 19
285 hotblue_19 0 0 37 18
286 hotblue_18 0 0 35 17
287 hotblue_17 0 0 33 16
288 hotblue_16 0 0 31 15
289 hotblue_15 0 0 29 14
290 hotblue_14 0 0 27 13
291 hotblue_13 0 0 25 12
292 hotblue_12 0 0 23 11
293 hotblue_11 0 0 21 10
294 hotblue_10 0 0 19 9
295 hotblue_9 0 0 17 8
296 hotblue_8 0 0 15 7
297 hotblue_7 0 0 13 6
298 hotblue_6 0 0 11 5
299 hotblue_5 0 0 9 4
300 hotblue_4 0 0 7 3
301 hotblue_3 0 0 5 2
302 hotblue_2 0 0 3 1
303 hotblue_1 0 0 1 0
304 hotred_1 1 0 0 0
305 hotred_2 3 0 0 1
306 hotred_3 5 0 0 2
307 hotred_4 7 0 0 3
308 hotred_5 9 0 0 4
309 hotred_6 11 0 0 5
310 hotred_7 13 0 0 6
311 hotred_8 15 0 0 7
312 hotred_9 17 0 0 8
313 hotred_10 19 0 0 9
314 hotred_11 21 0 0 10
315 hotred_12 23 0 0 11
316 hotred_13 25 0 0 12
317 hotred_14 27 0 0 13
318 hotred_15 29 0 0 14
319 hotred_16 31 0 0 15
320 hotred_17 33 0 0 16
321 hotred_18 35 0 0 17
322 hotred_19 37 0 0 18
323 hotred_20 39 0 0 19
324 hotred_21 41 0 0 20
325 hotred_22 43 0 0 21
326 hotred_23 45 0 0 22
327 hotred_24 47 0 0 23
328 hotred_25 49 0 0 24
329 hotred_26 51 0 0 25
330 hotred_27 53 0 0 26
331 hotred_28 55 0 0 27
332 hotred_29 57 0 0 28
333 hotred_30 59 0 0 29
334 hotred_31 61 0 0 30
335 hotred_32 63 0 0 31
336 hotred_33 65 0 0 32
337 hotred_34 67 0 0 33
338 hotred_35 69 0 0 34
339 hotred_36 71 0 0 35
340 hotred_37 73 0 0 36
341 hotred_38 75 0 0 37
342 hotred_39 77 0 0 38
343 hotred_40 79 0 0 39
344 hotred_41 81 0 0 40
345 hotred_42 83 0 0 41
346 hotred_43 85 0 0 42
347 hotred_44 87 0 0 43
348 hotred_45 89 0 0 44
349 hotred_46 91 0 0 45
350 hotred_47 93 0 0 46
351 hotred_48 95 0 0 47
352 hotred_49 97 0 0 48
353 hotred_50 99 0 0 49
354 hotred_51 101 0 0 50
355 hotred_52 103 0 0 51
356 hotred_53 105 0 0 52
357 hotred_54 107 0 0 53
358 hotred_55 109 0 0 54
359 hotred_56 111 0 0 55
360 hotred_57 113 0 0 56
361 hotred_58 115 0 0 57
362 hotred_59 117 0 0 58
363 hotred_60 119 0 0 59
364 hotred_61 121 0 0 60
365 hotred_62 123 0 0 61
366 hotred_63 125 0 0 62
367 hotred_64 127 0 0 63
368 hotred_65 129 0 1 64
369 hotred_66 131 0 3 65
370 hotred_67 133 0 5 66
371 hotred_68 135 0 7 67
372 hotred_69 137 0 9 68
373 hotred_70 139 0 11 69
374 hotred_71 141 0 13 70
375 hotred_72 143 0 15 71
376 hotred_73 145 0 17 72
377 hotred_74 147 0 19 73
378 hotred_75 149 0 21 74
379 hotred_76 151 0 23 75
380 hotred_77 153 0 25 76
381 hotred_78 155 0 27 77
382 hotred_79 157 0 29 78
383 hotred_80 159 0 31 79
384 hotred_81 161 0 33 80
385 hotred_82 163 0 35 81
386 hotred_83 165 0 37 82
387 hotred_84 167 0 39 83
388 hotred_85 169 0 41 84
389 hotred_86 171 0 43 85
390 hotred_87 173 0 45 86
391 hotred_88 175 0 47 87
392 hotred_89 177 0 49 88
393 hotred_90 179 0 51 89
394 hotred_91 181 0 53 90
395 hotred_92 183 0 55 91
396 hotred_93 185 0 57 92
397 hotred_94 187 0 59 93
398 hotred_95 189 0 61 94
399 hotred_96 191 0 63 95
400 hotred_97 193 0 65 96
401 hotred_98 195 0 67 97
402 hotred_99 197 0 69 98
403 hotred_100 199 0 71 99
404 hotred_101 201 0 73 100
405 hotred_102 203 0 75 101
406 hotred_103 205 0 77 102
407 hotred_104 207 0 79 103
408 hotred_105 209 0 81 104
409 hotred_106 211 0 83 105
410 hotred_107 213 0 85 106
411 hotred_108 215 0 87 107
412 hotred_109 217 0 89 108
413 hotred_110 219 0 91 109
414 hotred_111 221 0 93 110
415 hotred_112 223 0 95 111
416 hotred_113 225 0 97 112
417 hotred_114 227 0 99 113
418 hotred_115 229 0 101 114
419 hotred_116 231 0 103 115
420 hotred_117 233 0 105 116
421 hotred_118 235 0 107 117
422 hotred_119 237 0 109 118
423 hotred_120 239 0 111 119
424 hotred_121 241 0 113 120
425 hotred_122 243 0 115 121
426 hotred_123 245 0 117 122
427 hotred_124 247 0 119 123
428 hotred_125 249 0 121 124
429 hotred_126 251 0 123 125
430 hotred_127 253 0 125 126
431 hotred_128 255 0 127 127
432 hotred_129 255 1 129 128
433 hotred_130 255 3 131 129
434 hotred_131 255 5 133 130
435 hotred_132 255 7 135 131
436 hotred_133 255 9 137 132
437 hotred_134 255 11 139 133
438 hotred_135 255 13 141 134
439 hotred_136 255 15 143 135
440 hotred_137 255 17 145 136
441 hotred_138 255 19 147 137
442 hotred_139 255 21 149 138
443 hotred_140 255 23 151 139
444 hotred_141 255 25 153 140
445 hotred_142 255 27 155 141
446 hotred_143 255 29 157 142
447 hotred_144 255 31 159 143
448 hotred_145 255 33 161 144
449 hotred_146 255 35 163 145
450 hotred_147 255 37 165 146
451 hotred_148 255 39 167 147
452 hotred_149 255 41 169 148
453 hotred_150 255 43 171 149
454 hotred_151 255 45 173 150
455 hotred_152 255 47 175 151
456 hotred_153 255 49 177 152
457 hotred_154 255 51 179 153
458 hotred_155 255 53 181 154
459 hotred_156 255 55 183 155
460 hotred_157 255 57 185 156
461 hotred_158 255 59 187 157
462 hotred_159 255 61 189 158
463 hotred_160 255 63 191 159
464 hotred_161 255 65 193 160
465 hotred_162 255 67 195 161
466 hotred_163 255 69 197 162
467 hotred_164 255 71 199 163
468 hotred_165 255 73 201 164
469 hotred_166 255 75 203 165
470 hotred_167 255 77 205 166
471 hotred_168 255 79 207 167
472 hotred_169 255 81 209 168
473 hotred_170 255 83 211 169
474 hotred_171 255 85 213 170
475 hotred_172 255 87 215 171
476 hotred_173 255 89 217 172
477 hotred_174 255 91 219 173
478 hotred_175 255 93 221 174
479 hotred_176 255 95 223 175
480 hotred_177 255 97 225 176
481 hotred_178 255 99 227 177
482 hotred_179 255 101 229 178
483 hotred_180 255 103 231 179
484 hotred_181 255 105 233 180
485 hotred_182 255 107 235 181
486 hotred_183 255 109 237 182
487 hotred_184 255 111 239 183
488 hotred_185 255 113 241 184
489 hotred_186 255 115 243 185
490 hotred_187 255 117 245 186
491 hotred_188 255 119 247 187
492 hotred_189 255 121 249 188
493 hotred_190 255 123 251 189
494 hotred_191 255 125 253 190
495 hotred_192 255 127 255 191
496 hotred_193 255 129 255 192
497 hotred_194 255 131 255 193
498 hotred_195 255 133 255 194
499 hotred_196 255 135 255 195
500 hotred_197 255 137 255 196
501 hotred_198 255 139 255 197
502 hotred_199 255 141 255 198
503 hotred_200 255 143 255 199
504 hotred_201 255 145 255 200
505 hotred_202 255 147 255 201
506 hotred_203 255 149 255 202
507 hotred_204 255 151 255 203
508 hotred_205 255 153 255 204
509 hotred_206 255 155 255 205
510 hotred_207 255 157 255 206
511 hotred_208 255 159 255 207
512 hotred_209 255 161 255 208
513 hotred_210 255 163 255 209
514 hotred_211 255 165 255 210
515 hotred_212 255 167 255 211
516 hotred_213 255 169 255 212
517 hotred_214 255 171 255 213
518 hotred_215 255 173 255 214
519 hotred_216 255 175 255 215
520 hotred_217 255 177 255 216
521 hotred_218 255 179 255 217
522 hotred_219 255 181 255 218
523 hotred_220 255 183 255 219
524 hotred_221 255 185 255 220
525 hotred_222 255 187 255 221
526 hotred_223 255 189 255 222
527 hotred_224 255 191 255 223
528 hotred_225 255 193 255 224
529 hotred_226 255 195 255 225
530 hotred_227 255 197 255 226
531 hotred_228 255 199 255 227
532 hotred_229 255 201 255 228
533 hotred_230 255 203 255 229
534 hotred_231 255 205 255 230
535 hotred_232 255 207 255 231
536 hotred_233 255 209 255 232
537 hotred_234 255 211 255 233
538 hotred_235 255 213 255 234
539 hotred_236 255 215 255 235
540 hotred_237 255 217 255 236
541 hotred_238 255 219 255 237
542 hotred_239 255 221 255 238
543 hotred_240 255 223 255 239
544 hotred_241 255 225 255 240
545 hotred_242 255 227 255 241
546 hotred_243 255 229 255 242
547 hotred_244 255 231 255 243
548 hotred_245 255 233 255 244
549 hotred_246 255 235 255 245
550 hotred_247 255 237 255 246
551 hotred_248 255 239 255 247
552 hotred_249 255 241 255 248
553 hotred_250 255 243 255 249
554 hotred_251 255 245 255 250
555 hotred_252 255 247 255 251
556 hotred_253 255 249 255 252
557 hotred_254 255 251 255 253
558 hotred_255 255 253 255 254
559 hotred_256 255 255 255 255
#EOF