0 hotblue_100 255 255 255 255
1 hotblue_99 249 255 255 252
2 hotblue_98 244 255 255 249
3 hotblue_97 239 255 255 247
4 hotblue_96 234 255 255 244
5 hotblue_95 229 255 255 242
6 hotblue_94 224 255 255 239
7 hotblue_93 219 255 255 237
8 hotblue_92 214 255 255 234
9 hotblue_91 209 255 255 232
10 hotblue_90 204 255 255 229
11 hotblue_89 198 255 255 226
12 hotblue_88 193 255 255 224
13 hotblue_87 188 255 255 221
14 hotblue_86 183 255 255 219
15 hotblue_85 178 255 255 216
16 hotblue_84 173 255 255 214
17 hotblue_83 168 255 255 211
18 hotblue_82 163 255 255 209
19 hotblue_81 158 255 255 206
20 hotblue_80 153 255 255 204
21 hotblue_79 147 255 255 201
22 hotblue_78 142 255 255 198
23 hotblue_77 137 255 255 196
24 hotblue_76 132 255 255 193
25 hotblue_75 127 255 255 191
26 hotblue_74 122 249 255 188
27 hotblue_73 117 244 255 186
28 hotblue_72 112 239 255 183
29 hotblue_71 107 234 255 181
30 hotblue_70 102 229 255 178
31 hotblue_69 96 224 255 175
32 hotblue_68 91 219 255 173
33 hotblue_67 86 214 255 170
34 hotblue_66 81 209 255 168
35 hotblue_65 76 204 255 165
36 hotblue_64 71 198 255 163
37 hotblue_63 66 193 255 160
38 hotblue_62 61 188 255 158
39 hotblue_61 56 183 255 155
40 hotblue_60 51 178 255 153
41 hotblue_59 45 173 255 150
42 hotblue_58 40 168 255 147
43 hotblue_57 35 163 255 145
44 hotblue_56 30 158 255 142
45 hotblue_55 25 153 255 140
46 hotblue_54 20 147 255 137
47 hotblue_53 15 142 255 135
48 hotblue_52 10 137 255 132
49 hotblue_51 5 132 255 130
50 hotblue_50 0 127 255 127
51 hotblue_49 0 122 249 124
52 hotblue_48 0 117 244 122
53 hotblue_47 0 112 239 119
54 hotblue_46 0 107 234 117
55 hotblue_45 0 102 229 114
56 hotblue_44 0 96 224 112
57 hotblue_43 0 91 219 109
58 hotblue_42 0 86 214 107
59 hotblue_41 0 81 209 104
60 hotblue_40 0 76 204 102
61 hotblue_39 0 71 198 99
62 hotblue_38 0 66 193 96
63 hotblue_37 0 61 188 94
64 hotblue_36 0 56 183 91
65 hotblue_35 0 51 178 89
66 hotblue_34 0 45 173 86
67 hotblue_33 0 40 168 84
68 hotblue_32 0 35 163 81
69 hotblue_31 0 30 158 79
70 hotblue_30 0 25 153 76
71 hotblue_29 0 20 147 73
72 hotblue_28 0 15 142 71
73 hotblue_27 0 10 137 68
74 hotblue_26 0 5 132 66
75 hotblue_25 0 0 127 63
76 hotblue_24 0 0 122 61
77 hotblue_23 0 0 117 58
78 hotblue_22 0 0 112 56
79 hotblue_21 0 0 107 53
80 hotblue_20 0 0 102 51
81 hotblue_19 0 0 96 48
82 hotblue_18 0 0 91 45
83 hotblue_17 0 0 86 43
84 hotblue_16 0 0 81 40
85 hotblue_15 0 0 76 38
86 hotblue_14 0 0 71 35
87 hotblue_13 0 0 66 33
88 hotblue_12 0 0 61 30
89 hotblue_11 0 0 56 28
90 hotblue_10 0 0 51 25
91 hotblue_9 0 0 45 22
92 hotblue_8 0 0 40 20
93 hotblue_7 0 0 35 17
94 hotblue_6 0 0 30 15
95 hotblue_5 0 0 25 12
96 hotblue_4 0 0 20 10
97 hotblue_3 0 0 15 7
98 hotblue_2 0 0 10 5
99 hotblue_1 0 0 5 2
100 hotred_1 5 0 0 2
101 hotred_2 10 0 0 5
102 hotred_3 15 0 0 7
103 hotred_4 20 0 0 10
104 hotred_5 25 0 0 12
105 hotred_6 30 0 0 15
106 hotred_7 35 0 0 17
107 hotred_8 40 0 0 20
108 hotred_9 45 0 0 22
109 hotred_10 51 0 0 25
110 hotred_11 56 0 0 28
111 hotred_12 61 0 0 30
112 hotred_13 66 0 0 33
113 hotred_14 71 0 0 35
114 hotred_15 76 0 0 38
115 hotred_16 81 0 0 40
116 hotred_17 86 0 0 43
117 hotred_18 91 0 0 45
118 hotred_19 96 0 0 48
119 hotred_20 102 0 0 51
120 hotred_21 107 0 0 53
121 hotred_22 112 0 0 56
122 hotred_23 117 0 0 58
123 hotred_24 122 0 0 61
124 hotred_25 127 0 0 63
125 hotred_26 132 0 5 66
126 hotred_27 137 0 10 68
127 hotred_28 142 0 15 71
128 hotred_29 147 0 20 73
129 hotred_30 153 0 25 76
130 hotred_31 158 0 30 79
131 hotred_32 163 0 35 81
132 hotred_33 168 0 40 84
133 hotred_34 173 0 45 86
134 hotred_35 178 0 51 89
135 hotred_36 183 0 56 91
136 hotred_37 188 0 61 94
137 hotred_38 193 0 66 96
138 hotred_39 198 0 71 99
139 hotred_40 204 0 76 102
140 hotred_41 209 0 81 104
141 hotred_42 214 0 86 107
142 hotred_43 219 0 91 109
143 hotred_44 224 0 96 112
144 hotred_45 229 0 102 114
145 hotred_46 234 0 107 117
146 hotred_47 239 0 112 119
147 hotred_48 244 0 117 122
148 hotred_49 249 0 122 124
149 hotred_50 255 0 127 127
150 hotred_51 255 5 132 130
151 hotred_52 255 10 137 132
152 hotred_53 255 15 142 135
153 hotred_54 255 20 147 137
154 hotred_55 255 25 153 140
155 hotred_56 255 30 158 142
156 hotred_57 255 35 163 145
157 hotred_58 255 40 168 147
158 hotred_59 255 45 173 150
159 hotred_60 255 51 178 153
160 hotred_61 255 56 183 155
161 hotred_62 255 61 188 158
162 hotred_63 255 66 193 160
163 hotred_64 255 71 198 163
164 hotred_65 255 76 204 165
165 hotred_66 255 81 209 168
166 hotred_67 255 86 214 170
167 hotred_68 255 91 219 173
168 hotred_69 255 96 224 175
169 hotred_70 255 102 229 178
170 hotred_71 255 107 234 181
171 hotred_72 255 112 239 183
172 hotred_73 255 117 244 186
173 hotred_74 255 122 249 188
174 hotred_75 255 127 255 191
175 hotred_76 255 132 255 193
176 hotred_77 255 137 255 196
177 hotred_78 255 142 255 198
178 hotred_79 255 147 255 201
179 hotred_80 255 153 255 204
180 hotred_81 255 158 255 206
181 hotred_82 255 163 255 209
182 hotred_83 255 168 255 211
183 hotred_84 255 173 255 214
184 hotred_85 255 178 255 216
185 hotred_86 255 183 255 219
186 hotred_87 255 188 255 221
187 hotred_88 255 193 255 224
188 hotred_89 255 198 255 226
189 hotred_90 255 204 255 229
190 hotred_91 255 209 255 232
191 hotred_92 255 214 255 234
192 hotred_93 255 219 255 237
193 hotred_94 255 224 255 239
194 hotred_95 255 229 255 242
195 hotred_96 255 234 255 244
196 hotred_97 255 239 255 247
197 hotred_98 255 244 255 249
198 hotred_99 255 249 255 252
199 hotred_100 255 255 255 255
